GBS_FILE_EXPORT

//iVersion, iFirstFrame, iLastFrame,  iFrameSpeed, iTickPerFrame, iNumMtl, iNumObject
#SCENE 100 0 100 30 160 1 1

//itMtl, m_gMtlList[itMtl].subMtls.size(), m_gMtlList[itMtl].texlist.size()
#MATERIAL 0 0 1

//m_gMtlList[itMtl].subMtls[isub].texlist[itex].iMapType,  m_gMtlList[itMtl].subMtls[isub].texlist[itex].szTexName
1 cncr25S.bmp

//iObj, m_gObjectList[iObj].nodeName, m_gObjectList[iObj].nodeParentName
#OBJECT 0 Box01 Scene_Root

//m_gObjectList[iObj].matWorld._11  ~ 44
#WORLD     1.0000     0.0000     0.0000     0.0000      0.0000     1.0000     0.0000     0.0000      0.0000     0.0000     1.0000     0.0000     -0.0773     0.0000    -0.1949     1.0000 

// m_gMtlList[m_gObjectList[iObj].iRef].subMtls.size());
#TRIANGLE 0

//iMtl, UniqueVertex.size(), UniqueIndex.size()
-1 24 36

//p(x,y,z) n(x,y,z) c(x,y,z,w) t(x,y)
   -5.0773    10.0000    -5.1949     0.0000      0.0000     1.0000     1.0000     1.0000      1.0000     0.0000     0.0000     1.0000 
    4.9227    10.0000     4.8051     0.0000      0.0000     1.0000     1.0000     1.0000      1.0000     0.0000     1.0000     0.0000 
    4.9227    10.0000    -5.1949     0.0000     -0.0000     1.0000     1.0000     1.0000      1.0000     0.0000     1.0000     1.0000 
   -5.0773    10.0000     4.8051    -0.0000      0.0000     1.0000     1.0000     1.0000      1.0000     0.0000     0.0000     0.0000 
   -5.0773     0.0000    -5.1949     0.0000      0.0000    -1.0000     1.0000     1.0000      1.0000     1.0000     1.0000     1.0000 
    4.9227     0.0000     4.8051     0.0000      0.0000    -1.0000     1.0000     1.0000      1.0000     1.0000     0.0000     0.0000 
   -5.0773     0.0000     4.8051     0.0000      0.0000    -1.0000     1.0000     1.0000      1.0000     1.0000     1.0000     0.0000 
    4.9227     0.0000    -5.1949     0.0000      0.0000    -1.0000     1.0000     1.0000      1.0000     1.0000     0.0000     1.0000 
   -5.0773     0.0000     4.8051    -1.0000      0.0000     0.0000     1.0000     1.0000      1.0000     2.0000     0.0000     1.0000 
   -5.0773    10.0000    -5.1949    -1.0000      0.0000     0.0000     1.0000     1.0000      1.0000     2.0000     1.0000     0.0000 
   -5.0773     0.0000    -5.1949    -1.0000      0.0000     0.0000     1.0000     1.0000      1.0000     2.0000     1.0000     1.0000 
   -5.0773    10.0000     4.8051    -1.0000     -0.0000    -0.0000     1.0000     1.0000      1.0000     2.0000     0.0000     0.0000 
    4.9227     0.0000    -5.1949     1.0000      0.0000     0.0000     1.0000     1.0000      1.0000     3.0000     0.0000     1.0000 
    4.9227    10.0000     4.8051     1.0000      0.0000     0.0000     1.0000     1.0000      1.0000     3.0000     1.0000     0.0000 
    4.9227     0.0000     4.8051     1.0000      0.0000    -0.0000     1.0000     1.0000      1.0000     3.0000     1.0000     1.0000 
    4.9227    10.0000    -5.1949     1.0000     -0.0000     0.0000     1.0000     1.0000      1.0000     3.0000     0.0000     0.0000 
   -5.0773     0.0000    -5.1949     0.0000     -1.0000     0.0000     1.0000     1.0000      1.0000     4.0000     0.0000     1.0000 
    4.9227    10.0000    -5.1949     0.0000     -1.0000     0.0000     1.0000     1.0000      1.0000     4.0000     1.0000     0.0000 
    4.9227     0.0000    -5.1949     0.0000     -1.0000     0.0000     1.0000     1.0000      1.0000     4.0000     1.0000     1.0000 
   -5.0773    10.0000    -5.1949     0.0000     -1.0000     0.0000     1.0000     1.0000      1.0000     4.0000     0.0000     0.0000 
    4.9227     0.0000     4.8051     0.0000      1.0000     0.0000     1.0000     1.0000      1.0000     5.0000     0.0000     1.0000 
   -5.0773    10.0000     4.8051     0.0000      1.0000     0.0000     1.0000     1.0000      1.0000     5.0000     1.0000     0.0000 
   -5.0773     0.0000     4.8051     0.0000      1.0000     0.0000     1.0000     1.0000      1.0000     5.0000     1.0000     1.0000 
    4.9227    10.0000     4.8051     0.0000      1.0000     0.0000     1.0000     1.0000      1.0000     5.0000     0.0000     0.0000 

// UniqueIndex[iCnt + 0], 1, 2
 0 1 2
 1 0 3
 4 5 6
 5 4 7
 8 9 10
 9 8 11
 12 13 14
 13 12 15
 16 17 18
 17 16 19
 20 21 22
 21 20 23
